;Parsnp configuration File
;
[Reference]
file=../../../bronko_test/sars_evolution_results/parsnp_consensus/ancestral_sequence.fa.ref
reverse=0
[Query]
file1=941-565-0.109830.fasta
reverse1=0
file2=1348-9155-0.107162.fasta
reverse2=0
file3=891-467-0.132008.fasta
reverse3=0
file4=917-2064-0.142043.fasta
reverse4=0
file5=571-5166-0.132729.fasta
reverse5=0
file6=1424-2940-0.088586.fasta
reverse6=0
file7=381-5413-0.165635.fasta
reverse7=0
file8=1997-249-0.074381.fasta
reverse8=0
file9=2159-2095-0.049811.fasta
reverse9=0
file10=1476-4157-0.109577.fasta
reverse10=0
file11=1565-2261-0.087986.fasta
reverse11=0
file12=345-49-0.153309.fasta
reverse12=0
file13=135-3432-0.177679.fasta
reverse13=0
file14=23-4848-0.240759.fasta
reverse14=0
file15=460-3567-0.144011.fasta
reverse15=0
file16=1638-5805-0.087186.fasta
reverse16=0
file17=906-8826-0.114949.fasta
reverse17=0
file18=680-5029-0.121259.fasta
reverse18=0
file19=468-990-0.148467.fasta
reverse19=0
file20=1274-866-0.101757.fasta
reverse20=0
file21=2179-5940-0.041073.fasta
reverse21=0
file22=180-1648-0.167749.fasta
reverse22=0
file23=396-4097-0.160117.fasta
reverse23=0
file24=1545-444-0.111446.fasta
reverse24=0
file25=1284-3453-0.102658.fasta
reverse25=0
file26=410-7883-0.145812.fasta
reverse26=0
file27=2177-688-0.093981.fasta
reverse27=0
file28=933-2751-0.118706.fasta
reverse28=0
file29=56-7723-0.212086.fasta
reverse29=0
file30=833-766-0.141370.fasta
reverse30=0
file31=545-9930-0.141450.fasta
reverse31=0
file32=448-3394-0.139610.fasta
reverse32=0
file33=1196-569-0.109762.fasta
reverse33=0
file34=1700-3165-0.085624.fasta
reverse34=0
file35=1167-962-0.110990.fasta
reverse35=0
file36=235-4294-0.162362.fasta
reverse36=0
file37=2079-2937-0.068457.fasta
reverse37=0
file38=928-5581-0.113517.fasta
reverse38=0
file39=28-3201-0.240991.fasta
reverse39=0
file40=1929-51-0.076950.fasta
reverse40=0
file41=1763-1101-0.092203.fasta
reverse41=0
file42=767-5857-0.128956.fasta
reverse42=0
file43=999-3536-0.117381.fasta
reverse43=0
file44=8-1685-0.245467.fasta
reverse44=0
file45=431-7285-0.165084.fasta
reverse45=0
file46=1314-7158-0.113732.fasta
reverse46=0
file47=565-5197-0.131444.fasta
reverse47=0
file48=361-7877-0.176812.fasta
reverse48=0
file49=919-3338-0.117785.fasta
reverse49=0
file50=408-3719-0.153856.fasta
reverse50=0
[MUM]
anchors=1.1*(Log(S))
anchorfile=
anchorsonly=0
calcmumi=0
mums=1.1*(Log(S))
mumfile=
filter=1
factor=2.0
extendmums=0
[LCB]
recombfilter=0
cores=2
diagdiff=0.12
doalign=2
c=21
d=300
q=30
p=15000000
icr=0
unaligned=0
[Output]
outdir=../../../bronko_test/sars_evolution_results/parsnp_consensus/partition/chunk-0000000000-out
prefix=parsnp
showbps=1

