;Parsnp configuration File
;
[Reference]
file=../../../bronko_test/sars_evolution_results/parsnp_consensus/ancestral_sequence.fa.ref
reverse=0
[Query]
file1=762-976-0.124246.fasta
reverse1=0
file2=606-3471-0.138199.fasta
reverse2=0
file3=1531-633-0.108000.fasta
reverse3=0
file4=312-6814-0.174227.fasta
reverse4=0
file5=1782-8775-0.110743.fasta
reverse5=0
file6=479-7131-0.136949.fasta
reverse6=0
file7=1182-6266-0.107268.fasta
reverse7=0
file8=1470-7104-0.109600.fasta
reverse8=0
file9=202-4238-0.169615.fasta
reverse9=0
file10=131-667-0.185933.fasta
reverse10=0
file11=1174-9602-0.106911.fasta
reverse11=0
file12=1578-5663-0.086951.fasta
reverse12=0
file13=1786-8720-0.088003.fasta
reverse13=0
file14=718-1764-0.126225.fasta
reverse14=0
file15=1045-8560-0.106177.fasta
reverse15=0
file16=2068-5994-0.076659.fasta
reverse16=0
file17=1057-2050-0.121383.fasta
reverse17=0
file18=1422-2740-0.106355.fasta
reverse18=0
file19=208-6591-0.176254.fasta
reverse19=0
file20=392-6091-0.174867.fasta
reverse20=0
file21=37-5563-0.234919.fasta
reverse21=0
file22=1807-5159-0.098979.fasta
reverse22=0
file23=515-2997-0.131760.fasta
reverse23=0
file24=406-8869-0.149918.fasta
reverse24=0
file25=1487-239-0.103639.fasta
reverse25=0
file26=103-7787-0.207010.fasta
reverse26=0
file27=186-6008-0.171893.fasta
reverse27=0
file28=497-8599-0.155492.fasta
reverse28=0
file29=736-419-0.131308.fasta
reverse29=0
file30=1040-970-0.114051.fasta
reverse30=0
file31=700-3370-0.137698.fasta
reverse31=0
file32=1667-4343-0.097883.fasta
reverse32=0
file33=804-8758-0.117930.fasta
reverse33=0
file34=1037-2326-0.116073.fasta
reverse34=0
file35=849-7006-0.113334.fasta
reverse35=0
file36=1213-8538-0.116681.fasta
reverse36=0
file37=239-9274-0.179305.fasta
reverse37=0
file38=1106-1058-0.126441.fasta
reverse38=0
file39=589-8726-0.143757.fasta
reverse39=0
file40=1626-3448-0.089205.fasta
reverse40=0
file41=810-2678-0.113335.fasta
reverse41=0
file42=72-1406-0.219398.fasta
reverse42=0
file43=2033-6484-0.087639.fasta
reverse43=0
file44=166-5463-0.176153.fasta
reverse44=0
file45=16-3743-0.240767.fasta
reverse45=0
file46=351-840-0.155096.fasta
reverse46=0
file47=620-1028-0.132514.fasta
reverse47=0
file48=808-1117-0.142394.fasta
reverse48=0
file49=1989-3131-0.067958.fasta
reverse49=0
file50=1719-554-0.083996.fasta
reverse50=0
[MUM]
anchors=1.1*(Log(S))
anchorfile=
anchorsonly=0
calcmumi=0
mums=1.1*(Log(S))
mumfile=
filter=1
factor=2.0
extendmums=0
[LCB]
recombfilter=0
cores=2
diagdiff=0.12
doalign=2
c=21
d=300
q=30
p=15000000
icr=0
unaligned=0
[Output]
outdir=../../../bronko_test/sars_evolution_results/parsnp_consensus/partition/chunk-0000000004-out
prefix=parsnp
showbps=1

