;Parsnp configuration File
;
[Reference]
file=../../../bronko_test/sars_evolution_results/parsnp_consensus/ancestral_sequence.fa.ref
reverse=0
[Query]
file1=188-9608-0.166862.fasta
reverse1=0
file2=261-5467-0.168674.fasta
reverse2=0
file3=887-7500-0.134104.fasta
reverse3=0
file4=569-7114-0.147178.fasta
reverse4=0
file5=422-4144-0.168074.fasta
reverse5=0
file6=703-110-0.129666.fasta
reverse6=0
file7=371-2086-0.145488.fasta
reverse7=0
file8=292-4009-0.169455.fasta
reverse8=0
file9=652-9390-0.138155.fasta
reverse9=0
file10=265-8349-0.161768.fasta
reverse10=0
file11=1936-6226-0.086864.fasta
reverse11=0
file12=522-9151-0.130083.fasta
reverse12=0
file13=244-1213-0.202077.fasta
reverse13=0
file14=1245-2556-0.109515.fasta
reverse14=0
file15=273-748-0.159638.fasta
reverse15=0
file16=1128-4551-0.105291.fasta
reverse16=0
file17=1016-6043-0.110506.fasta
reverse17=0
file18=993-2379-0.141732.fasta
reverse18=0
file19=2233-3562-0.040695.fasta
reverse19=0
file20=1841-1524-0.073214.fasta
reverse20=0
file21=1103-424-0.106836.fasta
reverse21=0
file22=373-2308-0.154348.fasta
reverse22=0
file23=705-6741-0.122437.fasta
reverse23=0
file24=420-7645-0.144285.fasta
reverse24=0
file25=1277-707-0.137718.fasta
reverse25=0
file26=693-280-0.128498.fasta
reverse26=0
file27=914-9575-0.113131.fasta
reverse27=0
file28=1852-2110-0.149486.fasta
reverse28=0
file29=499-1187-0.148721.fasta
reverse29=0
file30=254-4470-0.160258.fasta
reverse30=0
file31=825-5586-0.154026.fasta
reverse31=0
file32=860-3270-0.131817.fasta
reverse32=0
file33=1157-472-0.101546.fasta
reverse33=0
file34=314-7765-0.149513.fasta
reverse34=0
file35=1738-41-0.089304.fasta
reverse35=0
file36=109-4380-0.200548.fasta
reverse36=0
file37=114-8685-0.191462.fasta
reverse37=0
file38=938-109-0.120151.fasta
reverse38=0
file39=519-3427-0.154623.fasta
reverse39=0
file40=176-9548-0.171243.fasta
reverse40=0
file41=895-7475-0.129919.fasta
reverse41=0
file42=765-6965-0.125270.fasta
reverse42=0
file43=900-9352-0.118927.fasta
reverse43=0
file44=1135-5739-0.104982.fasta
reverse44=0
file45=1131-547-0.114475.fasta
reverse45=0
file46=1287-6653-0.095228.fasta
reverse46=0
file47=1755-4972-0.081716.fasta
reverse47=0
file48=595-7771-0.128292.fasta
reverse48=0
file49=1404-1070-0.101660.fasta
reverse49=0
file50=1909-8911-0.082987.fasta
reverse50=0
[MUM]
anchors=1.1*(Log(S))
anchorfile=
anchorsonly=0
calcmumi=0
mums=1.1*(Log(S))
mumfile=
filter=1
factor=2.0
extendmums=0
[LCB]
recombfilter=0
cores=2
diagdiff=0.12
doalign=2
c=21
d=300
q=30
p=15000000
icr=0
unaligned=0
[Output]
outdir=../../../bronko_test/sars_evolution_results/parsnp_consensus/partition/chunk-0000000005-out
prefix=parsnp
showbps=1

