;Parsnp configuration File
;
[Reference]
file=../../../bronko_test/sars_evolution_results/parsnp_consensus/ancestral_sequence.fa.ref
reverse=0
[Query]
file1=690-2550-0.135574.fasta
reverse1=0
file2=1593-1414-0.091119.fasta
reverse2=0
file3=1512-6150-0.110121.fasta
reverse3=0
file4=1121-1649-0.103801.fasta
reverse4=0
file5=495-1456-0.154614.fasta
reverse5=0
file6=76-3619-0.203433.fasta
reverse6=0
file7=567-539-0.139854.fasta
reverse7=0
file8=2024-1707-0.066030.fasta
reverse8=0
file9=674-4893-0.129073.fasta
reverse9=0
file10=44-8165-0.244689.fasta
reverse10=0
file11=624-6077-0.163222.fasta
reverse11=0
file12=490-2821-0.133295.fasta
reverse12=0
file13=80-7240-0.201192.fasta
reverse13=0
file14=1209-3484-0.106632.fasta
reverse14=0
file15=1797-215-0.082853.fasta
reverse15=0
file16=1317-2100-0.093073.fasta
reverse16=0
file17=1005-6-0.111093.fasta
reverse17=0
file18=148-4553-0.182308.fasta
reverse18=0
file19=1049-8208-0.111373.fasta
reverse19=0
file20=726-4731-0.118448.fasta
reverse20=0
file21=1255-7082-0.106031.fasta
reverse21=0
file22=483-1336-0.142266.fasta
reverse22=0
file23=1393-466-0.090283.fasta
reverse23=0
file24=755-6609-0.123060.fasta
reverse24=0
file25=1816-445-0.086718.fasta
reverse25=0
file26=600-2998-0.134211.fasta
reverse26=0
file27=263-2060-0.167351.fasta
reverse27=0
file28=442-8545-0.157898.fasta
reverse28=0
file29=1370-7402-0.127165.fasta
reverse29=0
file30=111-664-0.184610.fasta
reverse30=0
file31=1902-50-0.076828.fasta
reverse31=0
file32=1894-932-0.072337.fasta
reverse32=0
file33=275-9559-0.174972.fasta
reverse33=0
file34=1999-33-0.100968.fasta
reverse34=0
file35=1027-5050-0.136504.fasta
reverse35=0
file36=574-6118-0.150862.fasta
reverse36=0
file37=1933-3238-0.067444.fasta
reverse37=0
file38=818-97-0.118878.fasta
reverse38=0
file39=1032-9555-0.125431.fasta
reverse39=0
file40=383-2918-0.161629.fasta
reverse40=0
file41=712-465-0.135495.fasta
reverse41=0
file42=41-471-0.218785.fasta
reverse42=0
file43=34-4575-0.228624.fasta
reverse43=0
file44=169-1727-0.187163.fasta
reverse44=0
file45=865-2070-0.124918.fasta
reverse45=0
file46=1148-681-0.109306.fasta
reverse46=0
file47=1554-560-0.084050.fasta
reverse47=0
file48=1198-3162-0.108545.fasta
reverse48=0
file49=823-603-0.117459.fasta
reverse49=0
file50=1595-2319-0.095968.fasta
reverse50=0
[MUM]
anchors=1.1*(Log(S))
anchorfile=
anchorsonly=0
calcmumi=0
mums=1.1*(Log(S))
mumfile=
filter=1
factor=2.0
extendmums=0
[LCB]
recombfilter=0
cores=2
diagdiff=0.12
doalign=2
c=21
d=300
q=30
p=15000000
icr=0
unaligned=0
[Output]
outdir=../../../bronko_test/sars_evolution_results/parsnp_consensus/partition/chunk-0000000002-out
prefix=parsnp
showbps=1

