;Parsnp configuration File
;
[Reference]
file=../../../bronko_test/sars_evolution_results/parsnp_consensus/ancestral_sequence.fa.ref
reverse=0
[Query]
file1=1874-2972-0.071183.fasta
reverse1=0
file2=1101-384-0.119098.fasta
reverse2=0
file3=463-1596-0.134555.fasta
reverse3=0
file4=425-8066-0.168329.fasta
reverse4=0
file5=2070-1436-0.066415.fasta
reverse5=0
file6=145-4043-0.177413.fasta
reverse6=0
file7=106-2700-0.190300.fasta
reverse7=0
file8=707-7325-0.120203.fasta
reverse8=0
file9=1745-63-0.082769.fasta
reverse9=0
file10=682-6076-0.124199.fasta
reverse10=0
file11=1521-72-0.098443.fasta
reverse11=0
file12=316-135-0.158834.fasta
reverse12=0
file13=1708-461-0.086237.fasta
reverse13=0
file14=626-952-0.128458.fasta
reverse14=0
file15=63-883-0.214841.fasta
reverse15=0
file16=1018-1257-0.109866.fasta
reverse16=0
file17=503-7251-0.149779.fasta
reverse17=0
file18=125-8986-0.205144.fasta
reverse18=0
file19=794-4117-0.131743.fasta
reverse19=0
file20=560-5948-0.135073.fasta
reverse20=0
file21=944-6220-0.113651.fasta
reverse21=0
file22=1539-867-0.097263.fasta
reverse22=0
file23=1497-1693-0.096950.fasta
reverse23=0
file24=248-6854-0.168706.fasta
reverse24=0
file25=867-5973-0.128262.fasta
reverse25=0
file26=50-661-0.219629.fasta
reverse26=0
file27=159-7391-0.183015.fasta
reverse27=0
file28=838-4735-0.117713.fasta
reverse28=0
file29=2250-1-0.009371.fasta
reverse29=0
file30=195-4138-0.173305.fasta
reverse30=0
file31=385-5881-0.141656.fasta
reverse31=0
file32=2185-516-0.035892.fasta
reverse32=0
file33=46-764-0.226142.fasta
reverse33=0
file34=1507-380-0.086553.fasta
reverse34=0
file35=1300-1264-0.091930.fasta
reverse35=0
file36=1712-875-0.083860.fasta
reverse36=0
file37=1110-2464-0.113581.fasta
reverse37=0
file38=1265-7046-0.118915.fasta
reverse38=0
file39=84-3693-0.187239.fasta
reverse39=0
file40=946-39-0.109462.fasta
reverse40=0
file41=1060-6811-0.134804.fasta
reverse41=0
file42=1722-3596-0.094760.fasta
reverse42=0
file43=2038-10-0.078370.fasta
reverse43=0
file44=139-1353-0.196898.fasta
reverse44=0
file45=1226-2624-0.107281.fasta
reverse45=0
file46=1466-8215-0.110049.fasta
reverse46=0
file47=322-398-0.150702.fasta
reverse47=0
file48=1757-1675-0.078395.fasta
reverse48=0
file49=1854-720-0.089883.fasta
reverse49=0
file50=1427-5102-0.103391.fasta
reverse50=0
[MUM]
anchors=1.1*(Log(S))
anchorfile=
anchorsonly=0
calcmumi=0
mums=1.1*(Log(S))
mumfile=
filter=1
factor=2.0
extendmums=0
[LCB]
recombfilter=0
cores=2
diagdiff=0.12
doalign=2
c=21
d=300
q=30
p=15000000
icr=0
unaligned=0
[Output]
outdir=../../../bronko_test/sars_evolution_results/parsnp_consensus/partition/chunk-0000000001-out
prefix=parsnp
showbps=1

