;Parsnp configuration File
;
[Reference]
file=../../../bronko_test/sars_evolution_results/parsnp_consensus/ancestral_sequence.fa.ref
reverse=0
[Query]
file1=416-411-0.147560.fasta
reverse1=0
file2=129-9273-0.190098.fasta
reverse2=0
file3=241-9558-0.182145.fasta
reverse3=0
file4=164-570-0.170736.fasta
reverse4=0
file5=636-939-0.129816.fasta
reverse5=0
file6=663-9278-0.131761.fasta
reverse6=0
file7=298-152-0.157300.fasta
reverse7=0
file8=310-567-0.150005.fasta
reverse8=0
file9=59-4927-0.230506.fasta
reverse9=0
file10=1492-1715-0.086203.fasta
reverse10=0
file11=2191-367-0.040062.fasta
reverse11=0
file12=1228-8794-0.122785.fasta
reverse12=0
file13=487-7067-0.137145.fasta
reverse13=0
file14=1413-80-0.121555.fasta
reverse14=0
file15=720-3925-0.132045.fasta
reverse15=0
file16=1119-3692-0.116288.fasta
reverse16=0
file17=2091-4769-0.058793.fasta
reverse17=0
file18=394-1017-0.151824.fasta
reverse18=0
file19=433-4969-0.137484.fasta
reverse19=0
file20=1292-1376-0.096727.fasta
reverse20=0
file21=493-2731-0.143231.fasta
reverse21=0
file22=1280-3558-0.108520.fasta
reverse22=0
file23=979-430-0.113077.fasta
reverse23=0
file24=378-8175-0.152357.fasta
reverse24=0
file25=1813-9087-0.078854.fasta
reverse25=0
file26=1537-6216-0.092969.fasta
reverse26=0
file27=92-9003-0.208488.fasta
reverse27=0
file28=388-5876-0.141592.fasta
reverse28=0
file29=96-3723-0.184796.fasta
reverse29=0
file30=1548-3006-0.095750.fasta
reverse30=0
file31=1011-3429-0.117502.fasta
reverse31=0
file32=2201-6293-0.056341.fasta
reverse32=0
file33=687-1150-0.121593.fasta
reverse33=0
file34=1839-6616-0.071935.fasta
reverse34=0
file35=608-7050-0.133622.fasta
reverse35=0
file36=1729-1351-0.103116.fasta
reverse36=0
file37=1073-3777-0.121039.fasta
reverse37=0
file38=875-4751-0.134985.fasta
reverse38=0
file39=1884-1111-0.102719.fasta
reverse39=0
file40=1822-319-0.075796.fasta
reverse40=0
file41=1282-6182-0.101279.fasta
reverse41=0
file42=1088-463-0.123335.fasta
reverse42=0
file43=1090-3570-0.112577.fasta
reverse43=0
file44=615-4521-0.135056.fasta
reverse44=0
file45=1259-2239-0.113884.fasta
reverse45=0
file46=1310-528-0.101914.fasta
reverse46=0
file47=1463-6825-0.109307.fasta
reverse47=0
file48=1848-5370-0.093392.fasta
reverse48=0
file49=199-99-0.164007.fasta
reverse49=0
file50=2189-5218-0.051769.fasta
reverse50=0
[MUM]
anchors=1.1*(Log(S))
anchorfile=
anchorsonly=0
calcmumi=0
mums=1.1*(Log(S))
mumfile=
filter=1
factor=2.0
extendmums=0
[LCB]
recombfilter=0
cores=2
diagdiff=0.12
doalign=2
c=21
d=300
q=30
p=15000000
icr=0
unaligned=0
[Output]
outdir=../../../bronko_test/sars_evolution_results/parsnp_consensus/partition/chunk-0000000010-out
prefix=parsnp
showbps=1

