;Parsnp configuration File
;
[Reference]
file=../../../bronko_test/sars_evolution_results/parsnp_consensus/ancestral_sequence.fa.ref
reverse=0
[Query]
file1=1114-453-0.116355.fasta
reverse1=0
file2=801-2967-0.115346.fasta
reverse2=0
file3=796-573-0.117259.fasta
reverse3=0
file4=14-7213-0.246389.fasta
reverse4=0
file5=1082-674-0.108537.fasta
reverse5=0
file6=1397-793-0.103471.fasta
reverse6=0
file7=1529-9021-0.089494.fasta
reverse7=0
file8=580-2398-0.132744.fasta
reverse8=0
file9=86-9356-0.186004.fasta
reverse9=0
file10=1022-7910-0.124952.fasta
reverse10=0
file11=987-4210-0.123844.fasta
reverse11=0
file12=1561-6239-0.090921.fasta
reverse12=0
file13=271-1141-0.156378.fasta
reverse13=0
file14=0-6474-0.280390.fasta
reverse14=0
file15=2096-3406-0.054791.fasta
reverse15=0
file16=2153-4819-0.044058.fasta
reverse16=0
file17=1232-3172-0.106561.fasta
reverse17=0
file18=1683-2814-0.091002.fasta
reverse18=0
file19=656-656-0.127469.fasta
reverse19=0
file20=1304-5744-0.094229.fasta
reverse20=0
file21=729-3573-0.123309.fasta
reverse21=0
file22=457-6340-0.148863.fasta
reverse22=0
file23=697-989-0.152141.fasta
reverse23=0
file24=1504-240-0.091670.fasta
reverse24=0
file25=31-2705-0.228264.fasta
reverse25=0
file26=1155-2475-0.109870.fasta
reverse26=0
file27=2028-781-0.070886.fasta
reverse27=0
file28=1272-5776-0.102128.fasta
reverse28=0
file29=2010-2486-0.064716.fasta
reverse29=0
file30=78-6271-0.191502.fasta
reverse30=0
file31=435-5865-0.157011.fasta
reverse31=0
file32=806-2593-0.137712.fasta
reverse32=0
file33=10-3523-0.246199.fasta
reverse33=0
file34=786-2932-0.124891.fasta
reverse34=0
file35=851-318-0.127022.fasta
reverse35=0
file36=1818-551-0.108973.fasta
reverse36=0
file37=846-483-0.117237.fasta
reverse37=0
file38=1161-7303-0.101514.fasta
reverse38=0
file39=1586-9894-0.091767.fasta
reverse39=0
file40=331-581-0.147482.fasta
reverse40=0
file41=758-1209-0.126513.fasta
reverse41=0
file42=481-9050-0.153455.fasta
reverse42=0
file43=2121-4459-0.064140.fasta
reverse43=0
file44=749-1091-0.134642.fasta
reverse44=0
file45=1163-4877-0.124322.fasta
reverse45=0
file46=439-342-0.159080.fasta
reverse46=0
file47=537-8099-0.135958.fasta
reverse47=0
file48=101-3827-0.199580.fasta
reverse48=0
file49=2195-356-0.032152.fasta
reverse49=0
file50=1416-9856-0.087780.fasta
reverse50=0
[MUM]
anchors=1.1*(Log(S))
anchorfile=
anchorsonly=0
calcmumi=0
mums=1.1*(Log(S))
mumfile=
filter=1
factor=2.0
extendmums=0
[LCB]
recombfilter=0
cores=2
diagdiff=0.12
doalign=2
c=21
d=300
q=30
p=15000000
icr=0
unaligned=0
[Output]
outdir=../../../bronko_test/sars_evolution_results/parsnp_consensus/partition/chunk-0000000007-out
prefix=parsnp
showbps=1

