;Parsnp configuration File
;
[Reference]
file=../../../bronko_test/sars_evolution_results/parsnp_consensus/ancestral_sequence.fa.ref
reverse=0
[Query]
file1=828-1533-0.117079.fasta
reverse1=0
file2=232-497-0.189854.fasta
reverse2=0
file3=1194-6092-0.110096.fasta
reverse3=0
file4=630-6233-0.135832.fasta
reverse4=0
file5=1344-95-0.127878.fasta
reverse5=0
file6=676-6634-0.138976.fasta
reverse6=0
file7=789-7810-0.125102.fasta
reverse7=0
file8=1395-5727-0.134538.fasta
reverse8=0
file9=205-4955-0.161523.fasta
reverse9=0
file10=296-5192-0.166399.fasta
reverse10=0
file11=1569-1709-0.088260.fasta
reverse11=0
file12=659-7827-0.129215.fasta
reverse12=0
file13=1094-1608-0.109349.fasta
reverse13=0
file14=307-1619-0.158478.fasta
reverse14=0
file15=949-4352-0.117339.fasta
reverse15=0
file16=733-3924-0.128434.fasta
reverse16=0
file17=1003-1279-0.116832.fasta
reverse17=0
file18=66-4381-0.208403.fasta
reverse18=0
file19=554-2356-0.145751.fasta
reverse19=0
file20=661-8861-0.136214.fasta
reverse20=0
file21=508-3765-0.155645.fasta
reverse21=0
file22=258-266-0.154249.fasta
reverse22=0
file23=1025-4339-0.125081.fasta
reverse23=0
file24=1583-2203-0.093116.fasta
reverse24=0
file25=542-1180-0.138881.fasta
reverse25=0
file26=1380-3674-0.112141.fasta
reverse26=0
file27=68-1671-0.212316.fasta
reverse27=0
file28=1178-8796-0.110522.fasta
reverse28=0
file29=1857-111-0.094438.fasta
reverse29=0
file30=2065-4633-0.068197.fasta
reverse30=0
file31=183-4105-0.174581.fasta
reverse31=0
file32=638-2612-0.143059.fasta
reverse32=0
file33=587-9174-0.144834.fasta
reverse33=0
file34=903-4365-0.125545.fasta
reverse34=0
file35=1308-7106-0.102226.fasta
reverse35=0
file36=427-5889-0.140839.fasta
reverse36=0
file37=634-2216-0.143387.fasta
reverse37=0
file38=532-6438-0.129312.fasta
reverse38=0
file39=281-125-0.156444.fasta
reverse39=0
file40=517-6048-0.139684.fasta
reverse40=0
file41=617-723-0.129367.fasta
reverse41=0
file42=1240-2660-0.104449.fasta
reverse42=0
file43=990-622-0.111062.fasta
reverse43=0
file44=1921-2343-0.072007.fasta
reverse44=0
file45=357-4497-0.149777.fasta
reverse45=0
file46=1187-1443-0.140515.fasta
reverse46=0
file47=1184-5982-0.101862.fasta
reverse47=0
file48=21-1241-0.235038.fasta
reverse48=0
file49=821-1798-0.120401.fasta
reverse49=0
file50=197-3738-0.162092.fasta
reverse50=0
[MUM]
anchors=1.1*(Log(S))
anchorfile=
anchorsonly=0
calcmumi=0
mums=1.1*(Log(S))
mumfile=
filter=1
factor=2.0
extendmums=0
[LCB]
recombfilter=0
cores=2
diagdiff=0.12
doalign=2
c=21
d=300
q=30
p=15000000
icr=0
unaligned=0
[Output]
outdir=../../../bronko_test/sars_evolution_results/parsnp_consensus/partition/chunk-0000000006-out
prefix=parsnp
showbps=1

