;Parsnp configuration File
;
[Reference]
file=../../../bronko_test/sars_evolution_results/parsnp_consensus/ancestral_sequence.fa.ref
reverse=0
[Query]
file1=870-3005-0.126122.fasta
reverse1=0
file2=1890-241-0.084194.fasta
reverse2=0
file3=53-9620-0.209780.fasta
reverse3=0
file4=1696-5754-0.089175.fasta
reverse4=0
file5=1702-2107-0.088731.fasta
reverse5=0
file6=959-5503-0.109298.fasta
reverse6=0
file7=269-4651-0.157289.fasta
reverse7=0
file8=18-1917-0.235976.fasta
reverse8=0
file9=908-587-0.121781.fasta
reverse9=0
file10=529-1386-0.161001.fasta
reverse10=0
file11=123-7152-0.182474.fasta
reverse11=0
file12=840-769-0.112757.fasta
reverse12=0
file13=1224-7823-0.108075.fasta
reverse13=0
file14=116-6341-0.193832.fasta
reverse14=0
file15=1064-5598-0.110931.fasta
reverse15=0
file16=485-172-0.136582.fasta
reverse16=0
file17=1126-3703-0.102240.fasta
reverse17=0
file18=1994-8232-0.070494.fasta
reverse18=0
file19=2030-5143-0.115054.fasta
reverse19=0
file20=12-9955-0.252646.fasta
reverse20=0
file21=926-1547-0.125724.fasta
reverse21=0
file22=831-8428-0.148615.fasta
reverse22=0
file23=173-1552-0.178052.fasta
reverse23=0
file24=25-6537-0.227496.fasta
reverse24=0
file25=1809-1763-0.092410.fasta
reverse25=0
file26=252-340-0.183732.fasta
reverse26=0
file27=476-2467-0.161842.fasta
reverse27=0
file28=1433-5796-0.098966.fasta
reverse28=0
file29=2129-9197-0.054639.fasta
reverse29=0
file30=224-1686-0.165532.fasta
reverse30=0
file31=471-8859-0.139899.fasta
reverse31=0
file32=1411-4639-0.110231.fasta
reverse32=0
file33=120-2163-0.188661.fasta
reverse33=0
file34=1435-5104-0.100572.fasta
reverse34=0
file35=1207-2443-0.103852.fasta
reverse35=0
file36=1862-162-0.081004.fasta
reverse36=0
file37=333-7357-0.153714.fasta
reverse37=0
file38=1726-504-0.094491.fasta
reverse38=0
file39=2-431-0.267960.fasta
reverse39=0
file40=349-7561-0.143661.fasta
reverse40=0
file41=646-1287-0.126452.fasta
reverse41=0
file42=654-9147-0.147749.fasta
reverse42=0
file43=878-1325-0.129263.fasta
reverse43=0
file44=229-7387-0.162579.fasta
reverse44=0
file45=1330-8836-0.098664.fasta
reverse45=0
file46=1092-6099-0.121512.fasta
reverse46=0
file47=1444-1508-0.090271.fasta
reverse47=0
file48=1735-8837-0.075900.fasta
reverse48=0
file49=154-4890-0.173415.fasta
reverse49=0
file50=557-718-0.146418.fasta
reverse50=0
[MUM]
anchors=1.1*(Log(S))
anchorfile=
anchorsonly=0
calcmumi=0
mums=1.1*(Log(S))
mumfile=
filter=1
factor=2.0
extendmums=0
[LCB]
recombfilter=0
cores=2
diagdiff=0.12
doalign=2
c=21
d=300
q=30
p=15000000
icr=0
unaligned=0
[Output]
outdir=../../../bronko_test/sars_evolution_results/parsnp_consensus/partition/chunk-0000000008-out
prefix=parsnp
showbps=1

