;Parsnp configuration File
;
[Reference]
file=../../../bronko_test/sars_evolution_results/parsnp_consensus/ancestral_sequence.fa.ref
reverse=0
[Query]
file1=930-2865-0.107954.fasta
reverse1=0
file2=403-3021-0.147967.fasta
reverse2=0
file3=157-3040-0.173201.fasta
reverse3=0
file4=286-3036-0.159561.fasta
reverse4=0
file5=1071-314-0.126420.fasta
reverse5=0
file6=983-4878-0.119594.fasta
reverse6=0
file7=1455-3908-0.091470.fasta
reverse7=0
file8=1614-8893-0.091330.fasta
reverse8=0
file9=305-7638-0.153371.fasta
reverse9=0
file10=1526-123-0.096773.fasta
reverse10=0
file11=1218-1812-0.099859.fasta
reverse11=0
file12=1449-790-0.093140.fasta
reverse12=0
file13=303-292-0.166174.fasta
reverse13=0
file14=843-8466-0.126061.fasta
reverse14=0
file15=1202-4975-0.097154.fasta
reverse15=0
file16=89-9100-0.189183.fasta
reverse16=0
file17=118-813-0.179278.fasta
reverse17=0
file18=1773-3745-0.140783.fasta
reverse18=0
file19=975-4133-0.123311.fasta
reverse19=0
file20=778-2145-0.125808.fasta
reverse20=0
file21=889-3900-0.109850.fasta
reverse21=0
file22=1420-2368-0.096223.fasta
reverse22=0
file23=455-4992-0.145565.fasta
reverse23=0
file24=650-4573-0.123718.fasta
reverse24=0
file25=1616-1813-0.088562.fasta
reverse25=0
file26=2072-3-0.066634.fasta
reverse26=0
file27=527-770-0.141802.fasta
reverse27=0
file28=340-3720-0.161451.fasta
reverse28=0
file29=1623-3824-0.099101.fasta
reverse29=0
file30=1001-2890-0.153484.fasta
reverse30=0
file31=1047-5941-0.111042.fasta
reverse31=0
file32=1674-231-0.095453.fasta
reverse32=0
file33=290-3469-0.153326.fasta
reverse33=0
file34=1216-2059-0.103901.fasta
reverse34=0
file35=418-1069-0.143394.fasta
reverse35=0
file36=1685-261-0.092839.fasta
reverse36=0
file37=648-950-0.127158.fasta
reverse37=0
file38=61-1983-0.214267.fasta
reverse38=0
file39=1991-5165-0.086513.fasta
reverse39=0
file40=444-2362-0.144459.fasta
reverse40=0
file41=525-1307-0.141324.fasta
reverse41=0
file42=2242-2926-0.034278.fasta
reverse42=0
file43=1571-1278-0.087412.fasta
reverse43=0
file44=1144-5960-0.114009.fasta
reverse44=0
file45=1191-722-0.136671.fasta
reverse45=0
file46=1844-169-0.072437.fasta
reverse46=0
file47=1431-9885-0.092113.fasta
reverse47=0
file48=1468-394-0.086638.fasta
reverse48=0
file49=335-3063-0.188735.fasta
reverse49=0
file50=1567-1447-0.108882.fasta
reverse50=0
[MUM]
anchors=1.1*(Log(S))
anchorfile=
anchorsonly=0
calcmumi=0
mums=1.1*(Log(S))
mumfile=
filter=1
factor=2.0
extendmums=0
[LCB]
recombfilter=0
cores=2
diagdiff=0.12
doalign=2
c=21
d=300
q=30
p=15000000
icr=0
unaligned=0
[Output]
outdir=../../../bronko_test/sars_evolution_results/parsnp_consensus/partition/chunk-0000000003-out
prefix=parsnp
showbps=1

