;Parsnp configuration File
;
[Reference]
file=../../../bronko_test/sars_evolution_results/parsnp_consensus/ancestral_sequence.fa.ref
reverse=0
[Query]
file1=1042-1859-0.123967.fasta
reverse1=0
file2=576-9362-0.137495.fasta
reverse2=0
file3=1386-7913-0.098710.fasta
reverse3=0
file4=1079-4487-0.143224.fasta
reverse4=0
file5=505-3176-0.143186.fasta
reverse5=0
file6=5-8929-0.252810.fasta
reverse6=0
file7=612-9405-0.136684.fasta
reverse7=0
file8=1563-157-0.103706.fasta
reverse8=0
file9=390-5548-0.150688.fasta
reverse9=0
file10=1367-8497-0.103366.fasta
reverse10=0
file11=221-6956-0.169978.fasta
reverse11=0
file12=94-2855-0.199494.fasta
reverse12=0
file13=327-5461-0.153394.fasta
reverse13=0
file14=1447-6197-0.110214.fasta
reverse14=0
file15=791-9591-0.150075.fasta
reverse15=0
file16=1876-1743-0.079137.fasta
reverse16=0
file17=770-6381-0.129148.fasta
reverse17=0
file18=141-7287-0.176708.fasta
reverse18=0
file19=446-9369-0.138305.fasta
reverse19=0
file20=212-3391-0.190811.fasta
reverse20=0
file21=1252-1935-0.122450.fasta
reverse21=0
file22=781-3218-0.128665.fasta
reverse22=0
file23=284-5114-0.162272.fasta
reverse23=0
file24=1099-9605-0.108772.fasta
reverse24=0
file25=338-7649-0.151037.fasta
reverse25=0
file26=39-9252-0.218839.fasta
reverse26=0
file27=412-1783-0.143742.fasta
reverse27=0
file28=1439-5457-0.096170.fasta
reverse28=0
file29=375-8578-0.157388.fasta
reverse29=0
file30=133-9455-0.182645.fasta
reverse30=0
file31=162-9742-0.179283.fasta
reverse31=0
file32=1670-87-0.085233.fasta
reverse32=0
file33=1238-6229-0.113420.fasta
reverse33=0
file34=1640-3478-0.095560.fasta
reverse34=0
file35=604-1410-0.149605.fasta
reverse35=0
file36=319-2472-0.177487.fasta
reverse36=0
file37=1859-3090-0.084843.fasta
reverse37=0
file38=981-4867-0.111129.fasta
reverse38=0
file39=1690-6347-0.082253.fasta
reverse39=0
file40=1140-579-0.104124.fasta
reverse40=0
file41=641-737-0.136024.fasta
reverse41=0
file42=1390-1182-0.113314.fasta
reverse42=0
file43=628-8097-0.121129.fasta
reverse43=0
file44=1108-6787-0.124635.fasta
reverse44=0
file45=1483-2200-0.132799.fasta
reverse45=0
file46=501-9944-0.146231.fasta
reverse46=0
file47=1383-301-0.120632.fasta
reverse47=0
file48=359-624-0.153360.fasta
reverse48=0
file49=1062-2354-0.117560.fasta
reverse49=0
file50=1096-5577-0.103127.fasta
reverse50=0
[MUM]
anchors=1.1*(Log(S))
anchorfile=
anchorsonly=0
calcmumi=0
mums=1.1*(Log(S))
mumfile=
filter=1
factor=2.0
extendmums=0
[LCB]
recombfilter=0
cores=2
diagdiff=0.12
doalign=2
c=21
d=300
q=30
p=15000000
icr=0
unaligned=0
[Output]
outdir=../../../bronko_test/sars_evolution_results/parsnp_consensus/partition/chunk-0000000009-out
prefix=parsnp
showbps=1

